  0.430000  0.009968  0.000015  0.009745  0.002435
  0.432500  0.029622  0.000014  0.003533  0.001744
  0.435000  0.088616  0.000026  0.003540  0.002096
  0.437500  0.130001  0.000019  0.011449  0.002066
  0.440000  0.135476  0.000013  0.026686  0.001276
  0.442500  0.248181  0.000018  0.037374  0.000742
  0.445000  0.438931  0.000023  0.090504  0.000625
  0.447500  0.518476  0.000018  0.090819  0.000639
  0.450000  0.475844  0.000013  0.039958  0.000778
  0.452500  0.517753  0.000020  0.020889  0.001193
  0.455000  0.659617  0.000028  0.008075  0.002098
  0.457500  0.778554  0.000030  0.002702  0.002418
  0.460000  0.795882  0.000042  0.001125  0.001348
  0.462500  0.772540  0.000037  0.000646  0.000638
  0.465000  0.779615  0.000026  0.000503  0.000357
  0.467500  0.809404  0.000025  0.000606  0.000291
  0.470000  0.832383  0.000045  0.000999  0.000252
  0.472500  0.843706  0.000091  0.001946  0.000256
  0.475000  0.841005  0.000116  0.001456  0.000337
  0.477500  0.833227  0.000083  0.000609  0.000509
  0.480000  0.825047  0.000079  0.000323  0.000875
  0.482500  0.824564  0.000194  0.000250  0.000995
  0.485000  0.836891  0.000344  0.000254  0.000664
  0.487500  0.871072  0.000413  0.000336  0.000386
  0.490000  0.916651  0.000499  0.000538  0.000263
  0.492500  0.947351  0.000793  0.000778  0.000237
  0.495000  0.960149  0.004648  0.000490  0.000238
  0.497500  0.966872  0.008605  0.000205  0.000281
  0.500000  0.974781  0.014457  0.000088  0.000364
  0.502500  0.972986  0.024595  0.000059  0.000562
  0.505000  0.968387  0.048579  0.000022  0.000747
  0.507500  0.966373  0.110928  0.000029  0.000747
  0.510000  0.974397  0.237947  0.000030  0.000581
  0.512500  0.990342  0.437541  0.000041  0.000426
  0.515000  1.000000  0.656188  0.000046  0.000323
  0.517500  0.993808  0.818375  0.000045  0.000307
  0.520000  0.981704  0.894383  0.000032  0.000304
  0.522500  0.981318  0.916517  0.000022  0.000323
  0.525000  0.967137  0.923038  0.000015  0.000384
  0.527500  0.885850  0.928653  0.000010  0.000467
  0.530000  0.717549  0.937404  0.000007  0.000598
  0.532500  0.499363  0.950741  0.000011  0.000714
  0.535000  0.305244  0.961631  0.000031  0.000864
  0.537500  0.174008  0.969169  0.000012  0.000909
  0.540000  0.095304  0.977241  0.000012  0.000888
  0.542500  0.054938  0.981526  0.000028  0.000786
  0.545000  0.034922  0.983435  0.000018  0.000663
  0.547500  0.026365  0.987572  0.000026  0.000591
  0.550000  0.023233  0.995776  0.000014  0.000526
  0.552500  0.022545  1.000000  0.000039  0.000555
  0.555000  0.021225  0.997317  0.000052  0.000645
  0.557500  0.017492  0.984918  0.000070  0.000836
  0.560000  0.012031  0.967924  0.000080  0.001355
  0.562500  0.007363  0.953808  0.000079  0.002413
  0.565000  0.004678  0.954189  0.000101  0.002749
  0.567500  0.003363  0.967536  0.000117  0.001444
  0.570000  0.002613  0.981807  0.000148  0.000644
  0.572500  0.002044  0.986766  0.000184  0.000362
  0.575000  0.001518  0.972412  0.000211  0.000243
  0.577500  0.001063  0.934535  0.000297  0.000173
  0.580000  0.000712  0.882950  0.000417  0.000158
  0.582500  0.000525  0.844058  0.000638  0.000165
  0.585000  0.000416  0.825549  0.001002  0.000191
  0.587500  0.000414  0.810307  0.003291  0.000237
  0.590000  0.000537  0.751671  0.010018  0.000325
  0.592500  0.000963  0.622729  0.018196  0.000679
  0.595000  0.001366  0.436828  0.033073  0.001442
  0.597500  0.001442  0.257219  0.062520  0.001343
  0.600000  0.000927  0.137566  0.118446  0.000584
  0.602500  0.000347  0.077792  0.222023  0.000244
  0.605000  0.000134  0.048453  0.375934  0.000127
  0.607500  0.000079  0.034573  0.557857  0.000103
  0.610000  0.000063  0.026960  0.734714  0.000045
  0.612500  0.000052  0.021494  0.864263  0.000066
  0.615000  0.000054  0.016229  0.932617  0.000055
  0.617500  0.000054  0.010813  0.953340  0.000058
  0.620000  0.000046  0.006120  0.962654  0.000052
  0.622500  0.000041  0.003113  0.953373  0.000051
  0.625000  0.000032  0.001558  0.944355  0.000065
  0.627500  0.000033  0.000842  0.946264  0.000073
  0.630000  0.000026  0.000476  0.956874  0.000084
  0.632500  0.000031  0.000295  0.969962  0.000074
  0.635000  0.000021  0.000194  0.984624  0.000070
  0.637500  0.000024  0.000149  0.995583  0.000139
  0.640000  0.000024  0.000107  0.999940  0.000170
  0.642500  0.000028  0.000092  1.000000  0.000226
  0.645000  0.000026  0.000060  0.997011  0.000231
  0.647500  0.000021  0.000056  0.995080  0.000156
  0.650000  0.000034  0.000076  0.988968  0.000150
  0.652500  0.000038  0.000089  0.986419  0.000113
  0.655000  0.000040  0.000100  0.981414  0.000107
  0.657500  0.000043  0.000114  0.969028  0.000108
  0.660000  0.000028  0.000138  0.955110  0.000102
  0.662500  0.000028  0.000197  0.937803  0.000087
  0.665000  0.000019  0.000231  0.917650  0.000054
  0.667500  0.000027  0.000211  0.892880  0.000036
  0.670000  0.000025  0.000151  0.866852  0.000044
  0.672500  0.000021  0.000064  0.844841  0.000037
  0.675000  0.000014  0.000031  0.822593  0.000070
  0.677500  0.000017  0.000029  0.789336  0.000078
  0.680000  0.000026  0.000031  0.737786  0.000080
  0.682500  0.000030  0.000033  0.662952  0.000134
  0.685000  0.000033  0.000022  0.566592  0.000125
  0.687500  0.000045  0.000024  0.449613  0.000206
  0.690000  0.000040  0.000021  0.326219  0.000247
  0.692500  0.000040  0.000019  0.219551  0.000274
  0.695000  0.000039  0.000024  0.141745  0.000384
  0.697500  0.000034  0.000024  0.092629  0.000460
  0.700000  0.000031  0.000020  0.061985  0.000630
  0.702500  0.000030  0.000020  0.045675  0.000825
  0.705000  0.000024  0.000016  0.035592  0.000981
  0.707500  0.000023  0.000031  0.031109  0.001238
  0.710000  0.000021  0.000047  0.029537  0.001363
  0.712500  0.000033  0.000029  0.023351  0.001588
  0.715000  0.000070  0.000027  0.018976  0.001759
  0.717500  0.000222  0.000024  0.015873  0.001925
  0.720000  0.000511  0.000040  0.013235  0.002103
  0.722500  0.000846  0.000112  0.010755  0.002323
  0.725000  0.000956  0.000192  0.008403  0.002544
  0.727500  0.000717  0.000231  0.006389  0.003752
  0.730000  0.000496  0.000225  0.004663  0.004453
  0.732500  0.000448  0.000134  0.003384  0.005399
  0.735000  0.000612  0.000055  0.002418  0.006663
  0.737500  0.001214  0.000061  0.001749  0.008416
  0.740000  0.001640  0.000042  0.001296  0.010834
  0.742500  0.001695  0.000039  0.000995  0.015156
  0.745000  0.000983  0.000039  0.000745  0.021441
  0.747500  0.000364  0.000027  0.000632  0.029484
  0.750000  0.000168  0.000024  0.000515  0.041746
  0.752500  0.000087  0.000020  0.000436  0.059119
  0.755000  0.000057  0.000021  0.000355  0.084136
  0.757500  0.000057  0.000031  0.000316  0.119962
  0.760000  0.000060  0.000042  0.000308  0.168483
  0.762500  0.000046  0.000031  0.000291  0.234444
  0.765000  0.000039  0.000034  0.000287  0.314832
  0.767500  0.000059  0.000034  0.000275  0.410208
  0.770000  0.000069  0.000037  0.000305  0.513147
  0.772500  0.000048  0.000028  0.000301  0.619602
  0.775000  0.000088  0.000034  0.000334  0.719632
  0.777500  0.000063  0.000033  0.000431  0.807981
  0.780000  0.000096  0.000043  0.000496  0.878252
  0.782500  0.000102  0.000042  0.000549  0.931303
  0.785000  0.000158  0.000048  0.000584  0.966166
  0.787500  0.000240  0.000042  0.000669  0.985896
  0.790000  0.000353  0.000024  0.000697  0.995878
  0.792500  0.000546  0.000044  0.000665  1.000000
  0.795000  0.000730  0.000051  0.000587  0.997893
  0.797500  0.000798  0.000045  0.000469  0.993054
  0.800000  0.000726  0.000043  0.000409  0.985349
  0.802500  0.000526  0.000060  0.000361  0.973522
  0.805000  0.000398  0.000068  0.000241  0.960609
  0.807500  0.000316  0.000115  0.000261  0.949441
  0.810000  0.000273  0.000180  0.000248  0.937581
  0.812500  0.000263  0.000358  0.000213  0.931326
  0.815000  0.000240  0.000971  0.000210  0.928376
  0.817500  0.000231  0.004171  0.000192  0.927530
  0.820000  0.000243  0.006740  0.000164  0.928860
  0.822500  0.000277  0.007942  0.000180  0.929908
  0.825000  0.000324  0.006939  0.000218  0.930168
  0.827500  0.000385  0.002976  0.000200  0.930941
  0.830000  0.000495  0.001144  0.000203  0.931485
  0.832500  0.000614  0.000710  0.000235  0.927802
  0.835000  0.000829  0.000553  0.000274  0.922594
  0.837500  0.001191  0.000502  0.000265  0.916151
  0.840000  0.001833  0.000498  0.000295  0.907330
  0.842500  0.003113  0.000541  0.000467  0.897478
  0.845000  0.005615  0.000629  0.000488  0.884458
  0.847500  0.010470  0.000804  0.000665  0.873592
  0.850000  0.016798  0.001082  0.000780  0.860359
  0.852500  0.021363  0.001688  0.001059  0.849405
  0.855000  0.021843  0.003066  0.001402  0.836981
  0.857500  0.017869  0.005556  0.001902  0.825939
  0.860000  0.013831  0.009238  0.002493  0.813175
  0.862500  0.010822  0.012640  0.003440  0.798259
  0.865000  0.009046  0.014578  0.004221  0.785218
  0.867500  0.008059  0.014263  0.005365  0.772000
  0.870000  0.007999  0.011869  0.006286  0.757960
  0.872500  0.008127  0.009080  0.006882  0.743255
  0.875000  0.008982  0.006865  0.007119  0.727337
  0.877500  0.010309  0.005747  0.007045  0.709792
  0.880000  0.012743  0.005256  0.006592  0.690639
  0.882500  0.016389  0.005422  0.006792  0.669408
  0.885000  0.022354  0.006101  0.006692  0.646366
  0.887500  0.031140  0.006840  0.006862  0.622097
  0.890000  0.041613  0.008408  0.007053  0.596551
  0.892500  0.050325  0.010768  0.007396  0.571636
  0.895000  0.053662  0.014062  0.008125  0.547230
  0.897500  0.048937  0.018573  0.008745  0.522482
  0.900000  0.039506  0.023380  0.009665  0.499604
  0.902500  0.029434  0.027562  0.010670  0.477111
  0.905000  0.021478  0.030137  0.012021  0.456339
  0.907500  0.016378  0.030358  0.013731  0.436591
  0.910000  0.013022  0.028962  0.015992  0.416401
  0.912500  0.010926  0.026906  0.018102  0.394956
  0.915000  0.009506  0.025022  0.020670  0.368808
  0.917500  0.008524  0.023955  0.023657  0.335124
  0.920000  0.007803  0.023526  0.026981  0.294034
  0.922500  0.007498  0.023931  0.031071  0.247297
  0.925000  0.007333  0.024848  0.035338  0.197778
  0.927500  0.007420  0.025997  0.039900  0.149840
  0.930000  0.007496  0.027063  0.043909  0.107716
  0.932500  0.007720  0.027036  0.046269  0.074399
  0.935000  0.007857  0.025721  0.045522  0.049560
  0.937500  0.007894  0.022952  0.040903  0.033054
  0.940000  0.007778  0.019056  0.033340  0.021751
  0.942500  0.007298  0.014960  0.025135  0.014652
  0.945000  0.006657  0.011106  0.017921  0.010402
  0.947500  0.005770  0.008066  0.012521  0.007674
  0.950000  0.004862  0.005814  0.008617  0.006182
